4
671426
0
0
erase 8,649204,818688,819714,884224,885250,1146368,1147393,1160503
new 4,0,306,508,1226
new 2,1226,2250
new 2,2250,3274
new 2,3274,4298
new 2,4298,5322
new 2,5322,6346
new 2,6346,7370
new 2,7370,8394
new 2,8394,9418
new 2,9418,10442
new 2,10442,11466
new 2,11466,12490
new 2,12490,13514
new 2,13514,14538
new 2,14538,15562
new 2,15562,16586
new 2,16586,17610
new 2,17610,18634
new 2,18634,19658
new 2,19658,20682
new 2,20682,21706
new 2,21706,22730
new 2,22730,23754
new 2,23754,24778
new 2,24778,25802
new 2,25802,26826
new 2,26826,27850
new 2,27850,28874
new 2,28874,29898
new 2,29898,30922
new 2,30922,31946
new 4,31946,32771,33276,33475
new 2,33475,34499
new 2,34499,35523
new 2,35523,36547
new 2,36547,37571
new 2,37571,38595
new 2,38595,39619
new 2,39619,40643
new 2,40643,41667
new 2,41667,42691
new 2,42691,43715
new 2,43715,44739
new 2,44739,45763
new 2,45763,46787
new 2,46787,47811
new 2,47811,48835
new 2,48835,49859
new 2,49859,50883
new 2,50883,51907
new 2,51907,52931
new 2,52931,53955
new 2,53955,54979
new 2,54979,56003
new 2,56003,57027
new 2,57027,58051
new 2,58051,59075
new 2,59075,60099
new 2,60099,61123
new 2,61123,62147
new 2,62147,63171
new 2,63171,64195
new 2,64195,65219
new 4,65219,65537,66042,66748
new 2,66748,67772
new 2,67772,68796
new 2,68796,69820
new 2,69820,70844
new 2,70844,71868
new 2,71868,72892
new 2,72892,73916
new 2,73916,74940
new 2,74940,75964
new 2,75964,76988
new 2,76988,78012
new 2,78012,79036
new 2,79036,80060
new 2,80060,81084
new 2,81084,82108
new 2,82108,83132
new 2,83132,84156
new 2,84156,85180
new 2,85180,86204
new 2,86204,87228
new 2,87228,88252
new 2,88252,89276
new 2,89276,90300
new 2,90300,91324
new 2,91324,92348
new 2,92348,93372
new 2,93372,94396
new 2,94396,95420
new 2,95420,96444
new 2,96444,97468
new 4,97468,98307,98812,98997
new 2,98997,100021
new 2,100021,101045
new 2,101045,102069
new 2,102069,103093
new 2,103093,104117
new 2,104117,105141
new 2,105141,106165
new 2,106165,107189
new 2,107189,108213
new 2,108213,109237
new 2,109237,110261
new 2,110261,111285
new 2,111285,112309
new 2,112309,113333
new 2,113333,114357
new 2,114357,115381
new 2,115381,116405
new 2,116405,117429
new 2,117429,118453
new 2,118453,119477
new 2,119477,120501
new 2,120501,121525
new 2,121525,122549
new 2,122549,123573
new 2,123573,124597
new 2,124597,125621
new 2,125621,126645
new 2,126645,127669
new 2,127669,128693
new 2,128693,129717
new 2,129717,130741
new 4,130741,131073,131578,132270
new 2,132270,133294
new 2,133294,134318
new 2,134318,135342
new 2,135342,136366
new 2,136366,137390
new 2,137390,138414
new 2,138414,139438
new 2,139438,140462
new 2,140462,141486
new 2,141486,142510
new 2,142510,143534
new 2,143534,144558
new 2,144558,145582
new 2,145582,146606
new 2,146606,147630
new 2,147630,148654
new 2,148654,149678
new 2,149678,150702
new 2,150702,151726
new 2,151726,152750
new 2,152750,153774
new 2,153774,154798
new 2,154798,155822
new 2,155822,156846
new 2,156846,157870
new 2,157870,158894
new 2,158894,159918
new 2,159918,160942
new 2,160942,161966
new 2,161966,162990
new 4,162990,163843,164348,164519
new 2,164519,165543
new 2,165543,166567
new 2,166567,167591
new 2,167591,168615
new 2,168615,169639
new 2,169639,170663
new 2,170663,171687
new 2,171687,172711
new 2,172711,173735
new 2,173735,174759
new 2,174759,175783
new 2,175783,176807
new 2,176807,177831
new 2,177831,178855
new 2,178855,179879
new 2,179879,180903
new 2,180903,181927
new 2,181927,182951
new 2,182951,183975
new 2,183975,184999
new 2,184999,186023
new 2,186023,187047
new 2,187047,188071
new 2,188071,189095
new 2,189095,190119
new 2,190119,191143
new 2,191143,192167
new 2,192167,193191
new 2,193191,194215
new 2,194215,195239
new 2,195239,196263
new 4,196263,196609,197114,197792
new 2,197792,198816
new 2,198816,199840
new 2,199840,200864
new 2,200864,201888
new 2,201888,202912
new 2,202912,203936
new 2,203936,204960
new 2,204960,205984
new 2,205984,207008
new 2,207008,208032
new 2,208032,209056
new 2,209056,210080
new 2,210080,211104
new 2,211104,212128
new 2,212128,213152
new 2,213152,214176
new 2,214176,215200
new 2,215200,216224
new 2,216224,217248
new 2,217248,218272
new 2,218272,219296
new 2,219296,220320
new 2,220320,221344
new 2,221344,222368
new 2,222368,223392
new 2,223392,224416
new 2,224416,225440
new 2,225440,226464
new 2,226464,227488
new 2,227488,228512
new 4,228512,229379,229884,230041
new 2,230041,231065
new 2,231065,232089
new 2,232089,233113
new 2,233113,234137
new 2,234137,235161
new 2,235161,236185
new 2,236185,237209
new 2,237209,238233
new 2,238233,239257
new 2,239257,240281
new 2,240281,241305
new 2,241305,242329
new 2,242329,243353
new 2,243353,244377
new 2,244377,245401
new 2,245401,246425
new 2,246425,247449
new 2,247449,248473
new 2,248473,249497
new 2,249497,250521
new 2,250521,251545
new 2,251545,252569
new 2,252569,253593
new 2,253593,254617
new 2,254617,255641
new 2,255641,256665
new 2,256665,257689
new 2,257689,258713
new 2,258713,259737
new 2,259737,260761
new 2,260761,261785
new 4,261785,262145,262650,263314
new 2,263314,264338
new 2,264338,265362
new 2,265362,266386
new 2,266386,267410
new 2,267410,268434
new 2,268434,269458
new 2,269458,270482
new 2,270482,271506
new 2,271506,272530
new 2,272530,273554
new 2,273554,274578
new 2,274578,275602
new 2,275602,276626
new 2,276626,277650
new 2,277650,278674
new 2,278674,279698
new 2,279698,280722
new 2,280722,281746
new 2,281746,282770
new 2,282770,283794
new 2,283794,284818
new 2,284818,285842
new 2,285842,286866
new 2,286866,287890
new 2,287890,288914
new 2,288914,289938
new 2,289938,290962
new 2,290962,291986
new 2,291986,293010
new 2,293010,294034
new 4,294034,294915,295420,295563
new 2,295563,296587
new 2,296587,297611
new 2,297611,298635
new 2,298635,299659
new 2,299659,300683
new 2,300683,301707
new 2,301707,302731
new 2,302731,303755
new 2,303755,304779
new 2,304779,305803
new 2,305803,306827
new 2,306827,307851
new 2,307851,308875
new 2,308875,309899
new 2,309899,310923
new 2,310923,311947
new 2,311947,312971
new 2,312971,313995
new 2,313995,315019
new 2,315019,316043
new 2,316043,317067
new 2,317067,318091
new 2,318091,319115
new 2,319115,320139
new 2,320139,321163
new 2,321163,322187
new 2,322187,323211
new 2,323211,324235
new 2,324235,325259
new 2,325259,326283
new 2,326283,327307
new 4,327307,327681,328186,328836
new 2,328836,329860
new 2,329860,330884
new 2,330884,331908
new 2,331908,332932
new 2,332932,333956
new 2,333956,334980
new 2,334980,336004
new 2,336004,337028
new 2,337028,338052
new 2,338052,339076
new 2,339076,340100
new 2,340100,341124
new 2,341124,342148
new 2,342148,343172
new 2,343172,344196
new 2,344196,345220
new 2,345220,346244
new 2,346244,347268
new 2,347268,348292
new 2,348292,349316
new 2,349316,350340
new 2,350340,351364
new 2,351364,352388
new 2,352388,353412
new 2,353412,354436
new 2,354436,355460
new 2,355460,356484
new 2,356484,357508
new 2,357508,358532
new 2,358532,359556
new 4,359556,360449,360954,361085
new 2,361085,362109
new 2,362109,363133
new 2,363133,364157
new 2,364157,365181
new 2,365181,366205
new 2,366205,367229
new 2,367229,368253
new 2,368253,369277
new 2,369277,370301
new 2,370301,371325
new 2,371325,372349
new 2,372349,373373
new 2,373373,374397
new 2,374397,375421
new 2,375421,376445
new 2,376445,377469
new 2,377469,378493
new 2,378493,379517
new 2,379517,380541
new 2,380541,381565
new 2,381565,382589
new 2,382589,383613
new 2,383613,384637
new 2,384637,385661
new 2,385661,386685
new 2,386685,387709
new 2,387709,388733
new 2,388733,389757
new 2,389757,390781
new 2,390781,391805
new 2,391805,392829
new 4,392829,393217,393722,394358
new 2,394358,395382
new 2,395382,396406
new 2,396406,397430
new 2,397430,398454
new 2,398454,399478
new 2,399478,400502
new 2,400502,401526
new 2,401526,402550
new 2,402550,403574
new 2,403574,404598
new 2,404598,405622
new 2,405622,406646
new 2,406646,407670
new 2,407670,408694
new 2,408694,409718
new 2,409718,410742
new 2,410742,411766
new 2,411766,412790
new 2,412790,413814
new 2,413814,414838
new 2,414838,415862
new 2,415862,416886
new 2,416886,417910
new 2,417910,418934
new 2,418934,419958
new 2,419958,420982
new 2,420982,422006
new 2,422006,423030
new 2,423030,424054
new 2,424054,425078
new 4,425078,425985,426490,426607
new 2,426607,427631
new 2,427631,428655
new 2,428655,429679
new 2,429679,430703
new 2,430703,431727
new 2,431727,432751
new 2,432751,433775
new 2,433775,434799
new 2,434799,435823
new 2,435823,436847
new 2,436847,437871
new 2,437871,438895
new 2,438895,439919
new 2,439919,440943
new 2,440943,441967
new 2,441967,442991
new 2,442991,444015
new 2,444015,445039
new 2,445039,446063
new 2,446063,447087
new 2,447087,448111
new 2,448111,449135
new 2,449135,450159
new 2,450159,451183
new 2,451183,452207
new 2,452207,453231
new 2,453231,454255
new 2,454255,455279
new 2,455279,456303
new 2,456303,457327
new 2,457327,458351
new 4,458351,458753,459258,459880
new 2,459880,460904
new 2,460904,461928
new 2,461928,462952
new 2,462952,463976
new 2,463976,465000
new 2,465000,466024
new 2,466024,467048
new 2,467048,468072
new 2,468072,469096
new 2,469096,470120
new 2,470120,471144
new 2,471144,472168
new 2,472168,473192
new 2,473192,474216
new 2,474216,475240
new 2,475240,476264
new 2,476264,477288
new 2,477288,478312
new 2,478312,479336
new 2,479336,480360
new 2,480360,481384
new 2,481384,482408
new 2,482408,483432
new 2,483432,484456
new 2,484456,485480
new 2,485480,486504
new 2,486504,487528
new 2,487528,488552
new 2,488552,489576
new 2,489576,490600
new 4,490600,491521,492026,492129
new 2,492129,493153
new 2,493153,494177
new 2,494177,495201
new 2,495201,496225
new 2,496225,497249
new 2,497249,498273
new 2,498273,499297
new 2,499297,500321
new 2,500321,501345
new 2,501345,502369
new 2,502369,503393
new 2,503393,504417
new 2,504417,505441
new 2,505441,506465
new 2,506465,507489
new 2,507489,508513
new 2,508513,509537
new 2,509537,510561
new 2,510561,511585
new 2,511585,512609
new 2,512609,513633
new 2,513633,514657
new 2,514657,515681
new 2,515681,516705
new 2,516705,517729
new 2,517729,518753
new 2,518753,519777
new 2,519777,520801
new 2,520801,521825
new 2,521825,522849
new 2,522849,523873
new 4,523873,524289,524794,525402
new 2,525402,526426
new 2,526426,527450
new 2,527450,528474
new 2,528474,529498
new 2,529498,530522
new 2,530522,531546
new 2,531546,532570
new 2,532570,533594
new 2,533594,534618
new 2,534618,535642
new 2,535642,536666
new 2,536666,537690
new 2,537690,538714
new 2,538714,539738
new 2,539738,540762
new 2,540762,541786
new 2,541786,542810
new 2,542810,543834
new 2,543834,544858
new 2,544858,545882
new 2,545882,546906
new 2,546906,547930
new 2,547930,548954
new 2,548954,549978
new 2,549978,551002
new 2,551002,552026
new 2,552026,553050
new 2,553050,554074
new 2,554074,555098
new 2,555098,556122
new 4,556122,557057,557562,557651
new 2,557651,558675
new 2,558675,559699
new 2,559699,560723
new 2,560723,561747
new 2,561747,562771
new 2,562771,563795
new 2,563795,564819
new 2,564819,565843
new 2,565843,566867
new 2,566867,567891
new 2,567891,568915
new 2,568915,569939
new 2,569939,570963
new 2,570963,571987
new 2,571987,573011
new 2,573011,574035
new 2,574035,575059
new 2,575059,576083
new 2,576083,577107
new 2,577107,578131
new 2,578131,579155
new 2,579155,580179
new 2,580179,581203
new 2,581203,582227
new 2,582227,583251
new 2,583251,584275
new 2,584275,585299
new 2,585299,586323
new 2,586323,587347
new 2,587347,588371
new 2,588371,589395
new 4,589395,589825,590330,590924
new 2,590924,591948
new 2,591948,592972
new 2,592972,593996
new 2,593996,595020
new 2,595020,596044
new 2,596044,597068
new 2,597068,598092
new 2,598092,599116
new 2,599116,600140
new 2,600140,601164
new 2,601164,602188
new 2,602188,603212
new 2,603212,604236
new 2,604236,605260
new 2,605260,606284
new 2,606284,607308
new 2,607308,608332
new 2,608332,609356
new 2,609356,610380
new 2,610380,611404
new 2,611404,612428
new 2,612428,613452
new 2,613452,614476
new 2,614476,615500
new 2,615500,616524
new 2,616524,617548
new 2,617548,618572
new 2,618572,619596
new 2,619596,620620
new 2,620620,621644
new 4,621644,622593,623098,623173
new 2,623173,624197
new 2,624197,625221
new 2,625221,626245
new 2,626245,627269
new 2,627269,628293
new 2,628293,629317
new 2,629317,630341
new 2,630341,631365
new 2,631365,632389
new 2,632389,633413
new 2,633413,634437
new 2,634437,635461
new 2,635461,636485
new 2,636485,637509
new 2,637509,638533
new 2,638533,639557
new 2,639557,640581
new 2,640581,641605
new 2,641605,642629
new 2,642629,643653
new 2,643653,644677
new 2,644677,645701
new 2,645701,646725
new 2,646725,647749
new 10,647749,648692,819200,819202,884736,884738,1146880,1146881,1161015,1161091
new 2,1161091,1162115
new 2,1162115,1163139
new 2,1163139,1164163
new 2,1164163,1165187
new 2,1165187,1166211
new 2,1166211,1167235
new 2,1167235,1168259
new 2,1168259,1169283
new 2,1169283,1170307
new 2,1170307,1171331
new 2,1171331,1172355
new 2,1172355,1173379
new 2,1173379,1174403
new 2,1174403,1175427
new 2,1175427,1176451
new 2,1176451,1177475
new 2,1177475,1178499
new 4,1178499,1179411,1179647,1179648
zero 6,306,508,32771,33276,65537,65854
zero 6,65854,66042,98307,98812,131073,131404
zero 6,131404,131578,163843,164348,196609,196954
zero 6,196954,197114,229379,229884,262145,262504
zero 6,262504,262650,294915,295420,327681,328054
zero 6,328054,328186,360449,360954,393217,393604
zero 6,393604,393722,425985,426490,458753,459154
zero 6,459154,459258,491521,492026,524289,524704
zero 6,524704,524794,557057,557562,589825,590254
zero 6,590254,590330,622593,623098,648692,649135
zero 6,649135,649204,818688,819200,819202,819645
zero 6,819645,819714,884224,884736,884738,885181
zero 6,885181,885250,1146368,1146880,1146881,1147324
zero 6,1147324,1147393,1160503,1161015,1179411,1179647
