4
159845
0
0
erase 10,149005,163328,164354,228864,229890,294400,295426,359936,360961,386479
new 4,0,202,508,1330
new 2,1330,2354
new 2,2354,3378
new 2,3378,4402
new 2,4402,5426
new 2,5426,6450
new 2,6450,7474
new 2,7474,8498
new 2,8498,9522
new 2,9522,10546
new 2,10546,11570
new 2,11570,12594
new 2,12594,13618
new 2,13618,14642
new 2,14642,15666
new 2,15666,16690
new 2,16690,17714
new 2,17714,18738
new 2,18738,19762
new 2,19762,20786
new 2,20786,21810
new 2,21810,22834
new 2,22834,23858
new 2,23858,24882
new 2,24882,25906
new 2,25906,26930
new 2,26930,27954
new 2,27954,28978
new 2,28978,30002
new 2,30002,31026
new 2,31026,32050
new 4,32050,32771,33276,33579
new 2,33579,34603
new 2,34603,35627
new 2,35627,36651
new 2,36651,37675
new 2,37675,38699
new 2,38699,39723
new 2,39723,40747
new 2,40747,41771
new 2,41771,42795
new 2,42795,43819
new 2,43819,44843
new 2,44843,45867
new 2,45867,46891
new 2,46891,47915
new 2,47915,48939
new 2,48939,49963
new 2,49963,50987
new 2,50987,52011
new 2,52011,53035
new 2,53035,54059
new 2,54059,55083
new 2,55083,56107
new 2,56107,57131
new 2,57131,58155
new 2,58155,59179
new 2,59179,60203
new 2,60203,61227
new 2,61227,62251
new 2,62251,63275
new 2,63275,64299
new 2,64299,65323
new 4,65323,65537,66042,66852
new 2,66852,67876
new 2,67876,68900
new 2,68900,69924
new 2,69924,70948
new 2,70948,71972
new 2,71972,72996
new 2,72996,74020
new 2,74020,75044
new 2,75044,76068
new 2,76068,77092
new 2,77092,78116
new 2,78116,79140
new 2,79140,80164
new 2,80164,81188
new 2,81188,82212
new 2,82212,83236
new 2,83236,84260
new 2,84260,85284
new 2,85284,86308
new 2,86308,87332
new 2,87332,88356
new 2,88356,89380
new 2,89380,90404
new 2,90404,91428
new 2,91428,92452
new 2,92452,93476
new 2,93476,94500
new 2,94500,95524
new 2,95524,96548
new 2,96548,97572
new 4,97572,98307,98812,99101
new 2,99101,100125
new 2,100125,101149
new 2,101149,102173
new 2,102173,103197
new 2,103197,104221
new 2,104221,105245
new 2,105245,106269
new 2,106269,107293
new 2,107293,108317
new 2,108317,109341
new 2,109341,110365
new 2,110365,111389
new 2,111389,112413
new 2,112413,113437
new 2,113437,114461
new 2,114461,115485
new 2,115485,116509
new 2,116509,117533
new 2,117533,118557
new 2,118557,119581
new 2,119581,120605
new 2,120605,121629
new 2,121629,122653
new 2,122653,123677
new 2,123677,124701
new 2,124701,125725
new 2,125725,126749
new 2,126749,127773
new 2,127773,128797
new 2,128797,129821
new 2,129821,130845
new 4,130845,131073,131578,132374
new 2,132374,133398
new 2,133398,134422
new 2,134422,135446
new 2,135446,136470
new 2,136470,137494
new 2,137494,138518
new 2,138518,139542
new 2,139542,140566
new 2,140566,141590
new 2,141590,142614
new 2,142614,143638
new 2,143638,144662
new 2,144662,145686
new 2,145686,146710
new 2,146710,147734
new 12,147734,148493,163840,163842,229376,229378,294912,294914,360448,360449,386991,387249
new 2,387249,388273
new 2,388273,389297
new 2,389297,390321
new 2,390321,391345
new 2,391345,392369
new 4,392369,393125,393215,393216
zero 6,202,508,32771,33276,65537,65750
zero 6,65750,66042,98307,98812,131073,131300
zero 6,131300,131578,148493,149005,163328,163562
zero 6,163562,163840,163842,164354,228864,229098
zero 6,229098,229376,229378,229890,294400,294634
zero 6,294634,294912,294914,295426,359936,360170
zero 6,360170,360448,360449,360961,386479,386713
zero 4,386713,386991,393125,393215
